,env_temperature,env_humidity,env_air_quality,env_wind_speed,env_comfort_index,business_rating,business_reviews,business_success_score,business_price_level
env_temperature,1.0,-0.05092343670033101,-0.2717138880566447,-0.6985415400174158,0.6988838518532684,0.06333410853256462,0.4469968304195091,0.318507844776491,0.33058363511455163
env_humidity,-0.05092343670033101,1.0,-0.8918927324926618,0.3354252545517489,0.31284293249696554,-0.06802620634591267,-0.05177256351619824,-0.08344572253025634,-0.1290253450728283
env_air_quality,-0.2717138880566447,-0.8918927324926618,1.0,0.07275413059470422,-0.6333171552420462,0.03624215096232776,-0.23660066422393974,-0.10950453955934054,-0.09614948533631262
env_wind_speed,-0.6985415400174158,0.3354252545517489,0.07275413059470422,1.0,-0.36292696667116003,-0.16395283357066653,-0.3942110765191126,-0.38191053234599853,-0.3521592518073428
env_comfort_index,0.6988838518532684,0.31284293249696554,-0.6333171552420462,-0.36292696667116003,1.0,-0.07423561166241528,0.6296697011726382,0.287077461227792,0.40721563568095026
business_rating,0.06333410853256462,-0.06802620634591267,0.03624215096232776,-0.16395283357066653,-0.07423561166241528,1.0,0.15906847493156687,0.8415508232316246,0.35189047755838176
business_reviews,0.4469968304195091,-0.05177256351619824,-0.23660066422393974,-0.3942110765191126,0.6296697011726382,0.15906847493156687,1.0,0.6422310583728812,0.7112232779119039
business_success_score,0.318507844776491,-0.08344572253025634,-0.10950453955934054,-0.38191053234599853,0.287077461227792,0.8415508232316246,0.6422310583728812,1.0,0.7096755826868119
business_price_level,0.33058363511455163,-0.1290253450728283,-0.09614948533631262,-0.3521592518073428,0.40721563568095026,0.35189047755838176,0.7112232779119039,0.7096755826868119,1.0
